1	160	430	1	-1
2	200	430	1	-1
3	260	430	1	-1
4	260	290	1	-1
5	260	240	1	-1
6	260	170	1	-1
7	210	170	1	-1
8	160	170	1	-1
9	160	290
10	400	170	1	-1
11	330	170	1	-1
12	330	250	1	-1
13	400	250	1	-1
14	450	290	1	-1
15	450	360	1	-1
16	510	360	1	1
17	450	430	1	1
18	370	430	1	-1
19	510	250
20	470	170
21	650	360	1	1
22	650	250	1	1
23	600	250	1	1
24	560	250	1	1
25	300	540	1	-1
26	450	540	1	1
27	450	480	1	1
28	550	500
29	650	540	1	-1
30	200	370
31	260	90	1	-1
32	400	90
33	550	170
34	470	90
35	650	170
36	600	170
37	200	540	0	1 
38	650	480
39	110	360